0 0.446235576125 0.150499999999 0.480104181226 
0.01 0.445356979515 0.153797667188 0.47955139436 
0.02 0.444446320968 0.157092125141 0.479013343234 
0.03 0.443503795876 0.160382590106 0.478490099783 
0.04 0.442529619785 0.163668282288 0.477981722894 
0.05 0.441524028081 0.166948426748 0.477488258364 
0.06 0.440487275638 0.170222254301 0.477009738892 
0.07 0.439419636423 0.173489002411 0.476546184109 
0.08 0.438321403063 0.176747916056 0.476097600652 
0.09 0.437192886367 0.179998248596 0.475663982267 
0.1 0.436034414819 0.183239262617 0.475245309972 
0.11 0.434846334023 0.186470230748 0.474841552238 
0.12 0.43362900612 0.189690436467 0.474452665234 
0.13 0.432382809167 0.192899174873 0.474078593099 
0.14 0.431108136483 0.196095753432 0.473719268264 
0.15 0.429805395964 0.199279492693 0.473374611812 
0.16 0.428475009371 0.202449726972 0.473044533885 
0.17 0.42711741159 0.205605804999 0.472728934127 
0.18 0.425733049866 0.208747090527 0.472427702168 
0.19 0.424322383014 0.211872962902 0.472140718152 
0.2 0.422885880618 0.214982817594 0.471867853293 
0.21 0.421424022199 0.21807606668 0.471608970476 
0.22 0.419937296388 0.22115213929 0.471363924889 
0.23 0.418426200067 0.224210481994 0.47113256468 
0.24 0.416891237521 0.227250559157 0.470914731656 
0.25 0.415332919573 0.230271853233 0.470710261995 
0.26 0.413751762719 0.233273865022 0.470518986987 
0.27 0.412148288272 0.236256113862 0.470340733797 
0.28 0.4105230215 0.23921813779 0.470175326237 
0.29 0.408876490782 0.242159493635 0.470022585556 
0.3 0.407209226768 0.245079757075 0.469882331237 
0.31 0.405521761559 0.247978522638 0.469754381795 
0.32 0.403814627901 0.250855403656 0.469638555575 
0.33 0.402088358404 0.25371003217 0.469534671552 
0.34 0.400343484783 0.256542058793 0.469442550108 
0.35 0.398580537125 0.259351152519 0.469362013808 
0.36 0.396800043194 0.262137000497 0.46929288815 
0.37 0.395002527758 0.26489930776 0.469235002291 
0.38 0.39318851196 0.267637796907 0.469188189749 
0.39 0.391358512728 0.27035220776 0.469152289065 
0.4 0.389513042222 0.273042296971 0.469127144437 
0.41 0.387652607324 0.275707837606 0.469112606304 
0.42 0.385777709182 0.278348618692 0.469108531889 
0.43 0.383888842788 0.280964444735 0.469114785691 
0.44 0.381986496616 0.28355513522 0.469131239922 
0.45 0.380071152306 0.286120524076 0.469157774892 
0.46 0.378143284399 0.288660459135 0.469194279328 
0.47 0.376203360121 0.29117480156 0.46924065064 
0.48 0.37425183923 0.293663425272 0.469296795113 
0.49 0.372289173903 0.296126216359 0.469362628038 
0.5 0.370315808683 0.298563072481 0.46943807378 
0.51 0.36833218048 0.300973902273 0.469523065764 
0.52 0.366338718612 0.303358624743 0.469617546411 
0.53 0.364335844913 0.305717168679 0.46972146699 
0.54 0.362323973872 0.308049472058 0.469834787409 
0.55 0.360303512829 0.310355481469 0.469957475941 
0.56 0.358274862212 0.312635151549 0.470089508876 
0.57 0.356238415816 0.314888444432 0.470230870123 
0.58 0.354194561112 0.317115329226 0.47038155074 
0.59 0.352143679605 0.319315781507 0.470541548413 
0.6 0.350086147206 0.32148978284 0.470710866878 
0.61 0.348022334641 0.323637320335 0.470889515297 
0.62 0.345952607879 0.32575838623 0.471077507584 
0.63 0.34387732857 0.327852977509 0.471274861696 
0.64 0.341796854501 0.329921095562 0.471481598884 
0.65 0.339711540062 0.331962745877 0.47169774292 
0.66 0.337621736696 0.333977937776 0.471923319294 
0.67 0.335527793366 0.335966684192 0.4721583544 
0.68 0.333430056993 0.33792900149 0.472402874709 
0.69 0.331328872893 0.33986490933 0.472656905934 
0.7 0.329224585182 0.341774430567 0.472920472208 
0.71 0.327117537164 0.343657591204 0.473193595253 
0.72 0.325008071682 0.345514420376 0.473476293587 
0.73 0.32289653144 0.347344950382 0.473768581733 
0.74 0.320783259283 0.349149216747 0.47407046947 
0.75 0.318668598439 0.350927258324 0.47438196111 
0.76 0.316552892708 0.352679117431 0.474703054823 
0.77 0.314436486617 0.354404840011 0.475033741997 
0.78 0.312319725513 0.35610447582 0.475374006658 
0.79 0.310202955618 0.357778078643 0.475723824941 
0.8 0.308086524025 0.35942570652 0.476083164617 
0.81 0.305970778653 0.361047421989 0.476451984682 
0.82 0.303856068145 0.362643292343 0.476830235012 
0.83 0.301742741725 0.364213389884 0.477217856083 
0.84 0.29963114901 0.365757792183 0.477614778752 
0.85 0.297521639778 0.367276582338 0.478020924113 
0.86 0.295414563694 0.368769849219 0.478436203412 
0.87 0.293310270009 0.370237687711 0.47886051803 
0.88 0.291209107223 0.371680198927 0.479293759531 
0.89 0.289111422718 0.373097490421 0.479735809766 
0.9 0.287017562371 0.374489676366 0.480186541043 
0.91 0.284927870154 0.375856877715 0.480645816345 
0.92 0.282842687709 0.377199222333 0.481113489599 
0.93 0.280762353926 0.378516845106 0.481589406001 
0.94 0.278687204505 0.379809888014 0.482073402369 
0.95 0.276617571527 0.381078500183 0.48256530755 
0.96 0.274553783021 0.382322837901 0.483064942847 
0.97 0.272496162544 0.383543064606 0.48357212248 
0.98 0.27044502877 0.384739350842 0.484086654073 
0.99 0.268400695091 0.385911874191 0.484608339156 
1.0 0.266363469236 0.387060819171 0.48513697368 
1.01 0.26433365291 0.388186377113 0.485672348547 
1.02 0.262311541455 0.389288746005 0.486214250141 
1.03 0.260297423532 0.390368130322 0.486762460862 
1.04 0.258291580829 0.391424740825 0.487316759659 
1.05 0.256294287792 0.392458794347 0.487876922555 
1.06 0.254305811385 0.393470513555 0.488442723164 
1.07 0.252326410878 0.394460126702 0.489013933197 
1.08 0.250356337653 0.395427867362 0.489590322957 
1.09 0.24839583505 0.396373974153 0.49017166181 
1.1 0.246445138227 0.397298690451 0.490757718645 
1.11 0.244504474049 0.398202264099 0.491348262315 
1.12 0.24257406101 0.399084947103 0.491943062049 
1.13 0.240654109164 0.399946995335 0.492541887856 
1.14 0.238744820092 0.400788668222 0.493144510893 
1.15 0.236846386883 0.401610228443 0.49375070382 
1.16 0.234958994141 0.402411941623 0.494360241126 
1.17 0.233082818005 0.403194076029 0.494972899439 
1.18 0.231218026192 0.403956902269 0.495588457807 
1.19 0.229364778059 0.404700693001 0.496206697956 
1.2 0.227523224671 0.405425722639 0.496827404534 
1.21 0.225693508892 0.406132267069 0.497450365327 
1.22 0.223875765487 0.406820603375 0.498075371452 
1.23 0.222070121233 0.40749100957 0.49870221754 
1.24 0.220276695043 0.408143764332 0.499330701887 
1.25 0.218495598099 0.408779146755 0.4999606266 
1.26 0.216726933992 0.409397436106 0.50059179771 
1.27 0.21497079887 0.409998911589 0.501224025286 
1.28 0.213227281594 0.410583852122 0.501857123515 
1.29 0.211496463897 0.411152536124 0.502490910785 
1.3 0.209778420548 0.411705241308 0.503125209738 
1.31 0.208073219519 0.412242244486 0.503759847321 
1.32 0.20638092216 0.412763821384 0.50439465482 
1.33 0.204701583365 0.413270246468 0.505029467884 
1.34 0.203035251753 0.413761792773 0.505664126536 
1.35 0.201381969842 0.41423873175 0.50629847518 
1.36 0.199741774223 0.414701333116 0.506932362592 
1.37 0.198114695738 0.415149864716 0.507565641908 
1.38 0.196500759656 0.415584592393 0.508198170601 
1.39 0.194899985845 0.416005779863 0.508829810455 
1.4 0.193312388948 0.416413688608 0.509460427529 
1.41 0.191737978556 0.416808577764 0.510089892115 
1.42 0.190176759374 0.417190704024 0.510718078697 
1.43 0.188628731393 0.417560321554 0.511344865896 
1.44 0.187093890052 0.417917681899 0.511970136422 
1.45 0.185572226406 0.418263033919 0.51259377701 
1.46 0.18406372728 0.418596623708 0.513215678365 
1.47 0.182568375434 0.418918694538 0.513835735094 
1.48 0.181086149712 0.4192294868 0.514453845642 
1.49 0.179617025194 0.419529237951 0.515069912226 
1.5 0.17816097335 0.419818182468 0.515683840761 
1.51 0.176717962178 0.42009655181 0.516295540791 
1.52 0.175287956351 0.420364574381 0.516904925418 
1.53 0.173870917353 0.420622475498 0.517511911227 
1.54 0.172466803617 0.420870477366 0.518116418213 
1.55 0.171075570655 0.421108799057 0.518718369703 
1.56 0.169697171187 0.42133765649 0.519317692288 
1.57 0.168331555267 0.421557262417 0.519914315742 
1.58 0.166978670405 0.421767826417 0.520508172951 
1.59 0.165638461685 0.421969554885 0.521099199835 
1.6 0.164310871882 0.422162651027 0.521687335277 
1.61 0.162995841574 0.422347314867 0.522272521047 
1.62 0.161693309247 0.422523743241 0.522854701731 
1.63 0.160403211408 0.422692129809 0.523433824655 
1.64 0.159125482681 0.422852665056 0.524009839816 
1.65 0.157860055912 0.42300553631 0.524582699808 
1.66 0.15660686226 0.42315092775 0.525152359755 
1.67 0.155365831296 0.42328902042 0.52571877724 
1.68 0.15413689109 0.423419992248 0.526281912237 
1.69 0.1529199683 0.423544018063 0.526841727043 
1.7 0.151714988259 0.423661269617 0.527398186211 
1.71 0.150521875051 0.423771915604 0.527951256489 
1.72 0.149340551598 0.423876121685 0.52850090675 
1.73 0.148170939733 0.423974050513 0.529047107935 
1.74 0.147012960273 0.42406586176 0.529589832986 
1.75 0.145866533095 0.42415171214 0.530129056791 
1.76 0.144731577199 0.424231755441 0.530664756119 
1.77 0.143608010783 0.424306142553 0.531196909566 
1.78 0.1424957513 0.424375021499 0.531725497496 
1.79 0.141394715523 0.424438537464 0.532250501988 
1.8 0.140304819608 0.424496832827 0.532771906778 
1.81 0.139225979146 0.424550047197 0.533289697207 
1.82 0.138158109223 0.424598317439 0.53380386017 
1.83 0.137101124473 0.424641777715 0.534314384066 
1.84 0.136054939127 0.424680559513 0.534821258744 
1.85 0.135019467068 0.424714791683 0.535324475459 
1.86 0.133994621872 0.424744600471 0.535824026823 
1.87 0.13298031686 0.424770109555 0.536319906758 
1.88 0.131976465138 0.424791440079 0.536812110452 
1.89 0.130982979641 0.424808710692 0.537300634315 
1.9 0.129999773176 0.424822037578 0.537785475937 
1.91 0.129026758455 0.424831534496 0.538266634042 
1.92 0.12806384814 0.424837312814 0.538744108456 
1.93 0.127110954874 0.424839481547 0.539217900056 
1.94 0.126167991316 0.424838147388 0.539688010742 
1.95 0.125234870176 0.424833414752 0.540154443393 
1.96 0.124311504244 0.424825385802 0.540617201834 
1.97 0.123397806425 0.424814160494 0.541076290797 
1.98 0.122493689761 0.424799836606 0.541531715889 
1.99 0.121599067464 0.424782509776 0.541983483559 
2.0 0.120713852941 0.424762273538 0.542431601063 
2.01 0.119837959819 0.424739219355 0.542876076433 
2.02 0.118971301968 0.424713436658 0.543316918448 
2.03 0.118113793526 0.424685012874 0.5437541366 
2.04 0.117265348921 0.424654033468 0.544187741071 
2.05 0.116425882887 0.424620581971 0.544617742697 
2.06 0.115595310493 0.424584740017 0.545044152948 
2.07 0.114773547151 0.424546587378 0.545466983894 
2.08 0.113960508643 0.424506201992 0.545886248187 
2.09 0.113156111133 0.424463660003 0.54630195903 
2.1 0.112360271184 0.424419035788 0.546714130152 
2.11 0.111572905773 0.424372401991 0.547122775791 
2.12 0.110793932308 0.424323829558 0.547527910664 
2.13 0.110023268638 0.424273387764 0.547929549947 
2.14 0.109260833067 0.424221144247 0.548327709257 
2.15 0.108506544367 0.424167165039 0.548722404624 
2.16 0.10776032179 0.424111514595 0.549113652477 
2.17 0.107022085076 0.424054255824 0.549501469621 
2.18 0.106291754465 0.42399545012 0.549885873221 
2.19 0.105569250707 0.423935157389 0.550266880777 
2.2 0.104854495067 0.423873436081 0.550644510116 
2.21 0.104147409339 0.423810343214 0.551018779364 
2.22 0.103447915849 0.423745934409 0.551389706939 
2.23 0.102755937464 0.423680263911 0.551757311527 
2.24 0.102071397599 0.42361338462 0.552121612072 
2.25 0.101394220219 0.423545348119 0.552482627756 
2.26 0.100724329852 0.423476204696 0.552840377988 
2.27 0.100061651587 0.423406003376 0.553194882389 
2.28 0.0994061110812 0.423334791944 0.553546160776 
2.29 0.0987576345658 0.423262616968 0.553894233152 
2.3 0.0981161488474 0.423189523829 0.554239119691 
2.31 0.0974815813123 0.423115556743 0.554580840725 
2.32 0.0968538599294 0.423040758785 0.554919416735 
2.33 0.0962329132527 0.422965171912 0.555254868337 
2.34 0.0956186704238 0.422888836989 0.555587216269 
2.35 0.0950110611735 0.422811793812 0.555916481386 
2.36 0.0944100158233 0.422734081127 0.556242684644 
2.37 0.0938154652871 0.422655736657 0.556565847092 
2.38 0.0932273410718 0.422576797119 0.556885989863 
2.39 0.092645575278 0.42249729825 0.557203134164 
2.4 0.0920701006007 0.422417274827 0.557517301265 
2.41 0.0915008503288 0.422336760686 0.557828512495 
2.42 0.0909377583458 0.422255788743 0.558136789228 
2.43 0.0903807591288 0.422174391017 0.558442152879 
2.44 0.0898297877483 0.422092598644 0.558744624894 
2.45 0.0892847798672 0.422010441902 0.559044226745 
2.46 0.0887456717398 0.421927950227 0.559340979918 
2.47 0.0882124002107 0.421845152232 0.559634905912 
2.48 0.0876849027134 0.421762075727 0.559926026228 
2.49 0.0871631172686 0.421678747732 0.560214362363 
2.5 0.0866469824824 0.421595194503 0.560499935807 
2.51 0.0861364375448 0.421511441539 0.560782768032 
2.52 0.0856314222272 0.421427513609 0.56106288049 
2.53 0.0851318768802 0.421343434762 0.561340294607 
2.54 0.0846377424315 0.421259228344 0.561615031778 
2.55 0.0841489603834 0.421174917018 0.561887113359 
2.56 0.0836654728099 0.421090522775 0.562156560664 
2.57 0.0831872223542 0.421006066952 0.562423394964 
2.58 0.0827141522259 0.420921570246 0.562687637474 
2.59 0.0822462061977 0.420837052729 0.562949309359 
2.6 0.081783328603 0.420752533865 0.563208431721 
2.61 0.0813254643321 0.420668032518 0.563465025599 
2.62 0.0808725588292 0.420583566974 0.563719111967 
2.63 0.0804245580893 0.420499154946 0.563970711727 
2.64 0.0799814086546 0.420414813595 0.564219845707 
2.65 0.0795430576109 0.420330559539 0.564466534657 
2.66 0.0791094525846 0.420246408867 0.564710799248 
2.67 0.0786805417383 0.420162377151 0.564952660067 
2.68 0.078256273768 0.420078479458 0.565192137613 
2.69 0.0778365978986 0.419994730363 0.565429252298 
2.7 0.0774214638809 0.41991114396 0.565664024441 
2.71 0.0770108219872 0.419827733876 0.565896474269 
2.72 0.0766046230076 0.419744513279 0.56612662191 
2.73 0.0762028182464 0.419661494889 0.566354487395 
2.74 0.0758053595177 0.419578690992 0.566580090654 
2.75 0.075412199142 0.419496113448 0.566803451512 
2.76 0.0750232899417 0.419413773703 0.567024589694 
2.77 0.0746385852372 0.419331682798 0.567243524814 
2.78 0.0742580388434 0.41924985138 0.567460276381 
2.79 0.0738816050647 0.41916828971 0.567674863793 
2.8 0.0735092386918 0.419087007675 0.567887306337 
2.81 0.073140894997 0.419006014795 0.568097623188 
2.82 0.0727765297305 0.418925320232 0.568305833407 
2.83 0.0724160991161 0.418844932804 0.568511955939 
2.84 0.0720595598472 0.418764860987 0.568716009614 
2.85 0.0717068690823 0.418685112925 0.568918013145 
2.86 0.0713579844415 0.418605696444 0.569117985126 
2.87 0.0710128640018 0.418526619052 0.569315944032 
2.88 0.0706714662932 0.418447887954 0.569511908218 
2.89 0.0703337502948 0.418369510054 0.569705895918 
2.9 0.0699996754302 0.418291491967 0.569897925245 
2.91 0.0696692015637 0.418213840026 0.570088014191 
2.92 0.069342288996 0.418136560286 0.570276180624 
2.93 0.0690188984604 0.418059658535 0.570462442288 
2.94 0.0686989911184 0.417983140298 0.570646816806 
2.95 0.0683825285556 0.417907010847 0.570829321674 
2.96 0.0680694727778 0.417831275206 0.571009974265 
2.97 0.0677597862071 0.417755938155 0.571188791829 
2.98 0.0674534316773 0.417681004242 0.571365791488 
2.99 0.0671503724304 0.417606477784 0.571540990241 
3.0 0.0668505721123 0.417532362876 0.57171440496 
3.01 0.066553994769 0.417458663398 0.571886052394 
3.02 0.0662606048423 0.417385383015 0.572055949165 
3.03 0.0659703671664 0.417312525191 0.572224111768 
3.04 0.0656832469633 0.417240093189 0.572390556575 
3.05 0.0653992098393 0.417168090076 0.572555299832 
3.06 0.0651182217811 0.417096518732 0.572718357659 
3.07 0.0648402491518 0.417025381854 0.57287974605 
3.08 0.064565258687 0.416954681958 0.573039480875 
3.09 0.064293217491 0.416884421388 0.57319757788 
3.1 0.0640240930333 0.41681460232 0.573354052684 
3.11 0.0637578531444 0.416745226765 0.573508920783 
3.12 0.0634944660123 0.416676296573 0.573662197548 
3.13 0.0632339001787 0.416607813442 0.573813898226 
3.14 0.0629761245351 0.416539778918 0.573964037942 
3.15 0.0627211083198 0.416472194401 0.574112631695 
3.16 0.0624688211132 0.416405061149 0.574259694364 
3.17 0.0622192328352 0.416338380283 0.574405240703 
3.18 0.061972313741 0.416272152788 0.574549285346 
3.19 0.0617280344177 0.416206379522 0.574691842804 
3.2 0.0614863657808 0.416141061215 0.574832927466 
3.21 0.0612472790707 0.416076198475 0.574972553602 
3.22 0.0610107458492 0.416011791791 0.575110735362 
3.23 0.0607767379957 0.415947841538 0.575247486774 
3.24 0.0605452277047 0.415884347978 0.575382821749 
3.25 0.0603161874813 0.415821311265 0.575516754077 
3.26 0.0600895901386 0.41575873145 0.575649297433 
3.27 0.0598654087941 0.415696608479 0.575780465373 
3.28 0.0596436168663 0.415634942201 0.575910271333 
3.29 0.0594241880717 0.41557373237 0.576038728638 
3.3 0.0592070964213 0.415512978647 0.576165850494 
3.31 0.0589923162174 0.415452680604 0.576291649992 
3.32 0.0587798220506 0.415392837724 0.576416140109 
3.33 0.0585695887964 0.415333449408 0.576539333707 
3.34 0.0583615916124 0.415274514977 0.576661243537 
3.35 0.0581558059347 0.41521603367 0.576781882235 
3.36 0.0579522074754 0.415158004653 0.576901262327 
3.37 0.0577507722191 0.415100427016 0.577019396226 
3.38 0.0575514764202 0.415043299782 0.577136296235 
3.39 0.0573542965996 0.4149866219 0.577251974549 
3.4 0.057159209542 0.414930392257 0.57736644325 
3.41 0.0569661922932 0.414874609675 0.577479714315 
3.42 0.0567752221563 0.414819272912 0.577591799611 
3.43 0.0565862766901 0.414764380669 0.577702710899 
3.44 0.0563993337051 0.414709931589 0.577812459833 
3.45 0.0562143712614 0.414655924259 0.577921057961 
3.46 0.0560313676657 0.414602357213 0.578028516727 
3.47 0.0558503014685 0.414549228933 0.57813484747 
3.48 0.0556711514616 0.414496537851 0.578240061426 
3.49 0.0554938966749 0.414444282354 0.578344169728 
3.5 0.0553185163744 0.41439246078 0.578447183406 
3.51 0.0551449900589 0.414341071424 0.578549113391 
3.52 0.0549732974581 0.41429011254 0.578649970511 
3.53 0.0548034185292 0.414239582338 0.578749765495 
3.54 0.054635333455 0.414189478993 0.578848508974 
3.55 0.054469022641 0.414139800638 0.578946211478 
3.56 0.0543044667132 0.414090545375 0.579042883442 
3.57 0.0541416465152 0.414041711267 0.579138535202 
3.58 0.053980543106 0.413993296347 0.579233177 
3.59 0.0538211377577 0.413945298615 0.579326818981 
3.6 0.053663411953 0.413897716042 0.579419471195 
3.61 0.0535073473825 0.413850546569 0.5795111436 
3.62 0.0533529259428 0.41380378811 0.579601846059 
3.63 0.053200129734 0.413757438553 0.579691588342 
3.64 0.0530489410573 0.413711495761 0.57978038013 
3.65 0.0528993424131 0.413665957574 0.57986823101 
3.66 0.052751316498 0.413620821807 0.579955150481 
3.67 0.0526048462035 0.413576086255 0.58004114795 
3.68 0.0524599146131 0.413531748695 0.580126232739 
3.69 0.0523165050004 0.413487806882 0.580210414078 
3.7 0.0521746008271 0.413444258552 0.580293701111 
3.71 0.0520341857404 0.413401101428 0.580376102896 
3.72 0.0518952435714 0.413358333213 0.580457628405 
3.73 0.0517577583327 0.413315951597 0.580538286524 
3.74 0.0516217142165 0.413273954254 0.580618086056 
3.75 0.0514870955925 0.413232338847 0.580697035717 
3.76 0.0513538870059 0.413191103026 0.580775144144 
3.77 0.0512220731754 0.413150244427 0.58085241989 
3.78 0.0510916389911 0.41310976068 0.580928871424 
3.79 0.0509625695129 0.413069649401 0.581004507139 
3.8 0.0508348499682 0.413029908199 0.581079335342 
3.81 0.0507084657502 0.412990534674 0.581153364266 
3.82 0.0505834024161 0.41295152642 0.581226602061 
3.83 0.050459645685 0.412912881021 0.581299056801 
3.84 0.0503371814362 0.412874596059 0.581370736481 
3.85 0.0502159957073 0.412836669109 0.581441649021 
3.86 0.0500960746924 0.412799097739 0.581511802263 
3.87 0.0499774047407 0.412761879516 0.581581203975 
3.88 0.0498599723541 0.412725012002 0.581649861849 
3.89 0.0497437641859 0.412688492758 0.581717783505 
3.9 0.0496287670389 0.41265231934 0.581784976486 
3.91 0.0495149678639 0.412616489305 0.581851448266 
3.92 0.0494023537578 0.412581000207 0.581917206244 
3.93 0.049290911962 0.412545849601 0.581982257749 
3.94 0.0491806298608 0.41251103504 0.582046610038 
3.95 0.0490714949798 0.41247655408 0.582110270299 
3.96 0.0489634949843 0.412442404276 0.58217324565 
3.97 0.0488566176774 0.412408583185 0.582235543139 
3.98 0.0487508509991 0.412375088367 0.582297169748 
3.99 0.048646183024 0.412341917382 0.582358132389 
4.0 0.0485426019603 0.412309067795 0.582418437908 
4.01 0.0484400961482 0.412276537174 0.582478093083 
4.02 0.0483386540579 0.412244323089 0.58253710463 
4.03 0.0482382642891 0.412212423116 0.582595479196 
4.04 0.0481389155684 0.412180834833 0.582653223364 
4.05 0.0480405967488 0.412149555825 0.582710343654 
4.06 0.0479432968077 0.412118583682 0.582766846522 
4.07 0.0478470048458 0.412087915998 0.582822738361 
4.08 0.0477517100853 0.412057550373 0.582878025502 
4.09 0.047657401869 0.412027484414 0.582932714215 
4.1 0.0475640696588 0.411997715734 0.582986810707 
4.11 0.0474717030341 0.411968241954 0.583040321126 
4.12 0.0473802916906 0.411939060698 0.58309325156 
4.13 0.0472898254392 0.411910169602 0.583145608036 
4.14 0.0472002942044 0.411881566306 0.583197396524 
4.15 0.0471116880231 0.411853248461 0.583248622935 
4.16 0.0470239970434 0.411825213722 0.583299293121 
4.17 0.0469372115231 0.411797459757 0.583349412879 
4.18 0.046851321829 0.411769984237 0.583398987948 
4.19 0.046766318435 0.411742784847 0.583448024012 
4.2 0.0466821919212 0.411715859278 0.583496526696 
4.21 0.0465989329729 0.411689205231 0.583544501575 
4.22 0.0465165323791 0.411662820415 0.583591954166 
4.23 0.0464349810311 0.41163670255 0.583638889932 
4.24 0.0463542699222 0.411610849366 0.583685314284 
4.25 0.0462743901457 0.411585258601 0.583731232579 
4.26 0.046195332894 0.411559928004 0.583776650122 
4.27 0.0461170894576 0.411534855335 0.583821572166 
4.28 0.0460396512241 0.411510038363 0.583866003911 
4.29 0.0459630096768 0.411485474869 0.583909950507 
4.3 0.0458871563938 0.411461162642 0.583953417056 
4.31 0.0458120830467 0.411437099484 0.583996408605 
4.32 0.0457377813999 0.411413283208 0.584038930155 
4.33 0.0456642433094 0.411389711636 0.584080986656 
4.34 0.0455914607216 0.411366382603 0.584122583012 
4.35 0.0455194256725 0.411343293954 0.584163724075 
4.36 0.0454481302865 0.411320443547 0.584204414653 
4.37 0.0453775667756 0.411297829248 0.584244659505 
4.38 0.0453077274382 0.411275448938 0.584284463342 
4.39 0.0452386046583 0.411253300508 0.584323830831 
4.4 0.0451701909045 0.41123138186 0.584362766592 
4.41 0.0451024787287 0.41120969091 0.5844012752 
4.42 0.0450354607658 0.411188225584 0.584439361183 
4.43 0.0449691297324 0.411166983819 0.584477029028 
4.44 0.0449034784256 0.411145963566 0.584514283175 
4.45 0.0448384997227 0.411125162787 0.584551128021 
4.46 0.0447741865797 0.411104579456 0.58458756792 
4.47 0.044710532031 0.41108421156 0.584623607184 
4.48 0.0446475291879 0.411064057096 0.58465925008 
4.49 0.0445851712381 0.411044114075 0.584694500835 
4.5 0.0445234514449 0.411024380521 0.584729363634 
4.51 0.0444623631461 0.411004854467 0.58476384262 
4.52 0.0444018997533 0.410985533961 0.584797941897 
4.53 0.044342054751 0.410966417063 0.584831665525 
4.54 0.0442828216957 0.410947501845 0.584865017529 
4.55 0.0442241942156 0.41092878639 0.584898001889 
4.56 0.0441661660088 0.410910268796 0.58493062255 
4.57 0.0441087308436 0.410891947172 0.584962883415 
4.58 0.0440518825569 0.410873819638 0.58499478835 
4.59 0.0439956150538 0.410855884329 0.585026341183 
4.6 0.0439399223068 0.410838139391 0.585057545704 
4.61 0.043884798355 0.410820582983 0.585088405665 
4.62 0.0438302373033 0.410803213275 0.585118924781 
4.63 0.0437762333216 0.410786028452 0.585149106731 
4.64 0.0437227806443 0.410769026708 0.585178955158 
4.65 0.0436698735694 0.410752206253 0.585208473666 
4.66 0.0436175064577 0.410735565307 0.585237665827 
4.67 0.0435656737324 0.410719102103 0.585266535177 
4.68 0.043514369878 0.410702814888 0.585295085215 
4.69 0.0434635894399 0.410686701918 0.585323319407 
4.7 0.0434133270237 0.410670761464 0.585351241184 
4.71 0.0433635772941 0.410654991809 0.585378853945 
4.72 0.0433143349751 0.410639391247 0.585406161052 
4.73 0.0432655948482 0.410623958086 0.585433165836 
4.74 0.0432173517528 0.410608690646 0.585459871595 
4.75 0.0431696005849 0.410593587258 0.585486281593 
4.76 0.0431223362966 0.410578646266 0.585512399063 
4.77 0.0430755538956 0.410563866027 0.585538227205 
4.78 0.0430292484444 0.410549244909 0.585563769188 
4.79 0.0429834150599 0.410534781292 0.585589028149 
4.8 0.0429380489126 0.410520473569 0.585614007194 
4.81 0.0428931452259 0.410506320144 0.585638709399 
4.82 0.0428486992758 0.410492319436 0.585663137809 
4.83 0.0428047063901 0.410478469872 0.585687295437 
4.84 0.0427611619479 0.410464769893 0.585711185268 
4.85 0.0427180613788 0.410451217952 0.585734810258 
4.86 0.0426754001628 0.410437812513 0.585758173332 
4.87 0.0426331738291 0.410424552054 0.585781277386 
4.88 0.0425913779562 0.410411435061 0.585804125289 
4.89 0.0425500081708 0.410398460037 0.585826719878 
4.9 0.0425090601475 0.410385625491 0.585849063966 
4.91 0.0424685296084 0.410372929948 0.585871160334 
4.92 0.0424284123221 0.410360371943 0.585893011739 
4.93 0.0423887041038 0.410347950023 0.585914620908 
4.94 0.0423494008141 0.410335662745 0.585935990541 
4.95 0.0423104983591 0.410323508681 0.585957123312 
4.96 0.0422719926895 0.41031148641 0.585978021868 
4.97 0.0422338798 0.410299594526 0.585998688829 
4.98 0.0421961557294 0.410287831633 0.58601912679 
4.99 0.0421588165593 0.410276196347 0.58603933832 
5.0 0.0421218584142 0.410264687293 0.58605932596 
5.01 0.042085277461 0.41025330311 0.586079092229 
5.02 0.0420490699079 0.410242042447 0.586098639618 
5.03 0.0420132320048 0.410230903964 0.586117970594 
5.04 0.0419777600422 0.410219886333 0.586137087601 
5.05 0.0419426503508 0.410208988235 0.586155993056 
5.06 0.0419078993015 0.410198208363 0.586174689354 
5.07 0.0418735033044 0.410187545423 0.586193178863 
5.08 0.0418394588086 0.410176998128 0.586211463929 
5.09 0.0418057623017 0.410166565205 0.586229546876 
5.1 0.0417724103096 0.41015624539 0.586247430003 
5.11 0.0417393993957 0.410146037431 0.586265115585 
5.12 0.0417067261605 0.410135940085 0.586282605875 
5.13 0.0416743872415 0.41012595212 0.586299903105 
5.14 0.0416423793126 0.410116072317 0.586317009481 
5.15 0.0416106990834 0.410106299463 0.58633392719 
5.16 0.0415793432995 0.410096632359 0.586350658396 
5.17 0.0415483087412 0.410087069815 0.58636720524 
5.18 0.0415175922238 0.410077610653 0.586383569842 
5.19 0.041487190597 0.410068253701 0.586399754301 
5.2 0.0414571007443 0.410058997802 0.586415760696 
5.21 0.0414273195828 0.410049841807 0.586431591082 
5.22 0.0413978440629 0.410040784577 0.586447247495 
5.23 0.0413686711677 0.410031824982 0.58646273195 
5.24 0.0413397979127 0.410022961905 0.586478046442 
5.25 0.0413112213457 0.410014194236 0.586493192945 
5.26 0.0412829385459 0.410005520876 0.586508173414 
5.27 0.0412549466241 0.409996940737 0.586522989783 
5.28 0.0412272427217 0.409988452738 0.586537643967 
5.29 0.0411998240112 0.409980055809 0.586552137861 
5.3 0.041172687695 0.409971748892 0.586566473341 
5.31 0.0411458310055 0.409963530934 0.586580652264 
5.32 0.0411192512048 0.409955400895 0.586594676468 
5.33 0.0410929455841 0.409947357744 0.586608547772 
5.34 0.0410669114635 0.409939400458 0.586622267976 
5.35 0.0410411461918 0.409931528023 0.586635838862 
5.36 0.041015647146 0.409923739438 0.586649262194 
5.37 0.0409904117308 0.409916033706 0.586662539718 
5.38 0.0409654373788 0.409908409844 0.586675673161 
5.39 0.0409407215497 0.409900866875 0.586688664233 
5.4 0.0409162617302 0.409893403832 0.586701514626 
5.41 0.0408920554336 0.409886019757 0.586714226016 
5.42 0.0408681001997 0.409878713701 0.58672680006 
5.43 0.040844393594 0.409871484724 0.586739238397 
5.44 0.0408209332082 0.409864331895 0.586751542653 
5.45 0.0407977166591 0.40985725429 0.586763714433 
5.46 0.0407747415888 0.409850250998 0.586775755327 
5.47 0.0407520056641 0.409843321112 0.58678766691 
5.48 0.0407295065766 0.409836463735 0.586799450737 
5.49 0.0407072420419 0.409829677981 0.58681110835 
5.5 0.0406852098 0.40982296297 0.586822641273 
5.51 0.0406634076142 0.40981631783 0.586834051017 
5.52 0.0406418332715 0.409809741699 0.586845339073 
5.53 0.040620484582 0.409803233724 0.586856506919 
5.54 0.0405993593787 0.409796793058 0.586867556018 
5.55 0.0405784555173 0.409790418863 0.586878487816 
5.56 0.0405577708759 0.409784110311 0.586889303744 
5.57 0.0405373033546 0.409777866579 0.58690000522 
5.58 0.0405170508755 0.409771686855 0.586910593644 
5.59 0.0404970113822 0.409765570333 0.586921070403 
5.6 0.0404771828397 0.409759516217 0.586931436869 
5.61 0.0404575632341 0.409753523717 0.586941694401 
5.62 0.0404381505724 0.409747592051 0.58695184434 
5.63 0.0404189428823 0.409741720446 0.586961888015 
5.64 0.0403999382116 0.409735908136 0.586971826742 
5.65 0.0403811346285 0.409730154363 0.586981661821 
5.66 0.040362530221 0.409724458376 0.586991394539 
5.67 0.0403441230969 0.409718819433 0.587001026169 
5.68 0.0403259113832 0.409713236798 0.58701055797 
5.69 0.0403078932264 0.409707709744 0.587019991188 
5.7 0.0402900667919 0.40970223755 0.587029327056 
5.71 0.0402724302637 0.409696819503 0.587038566792 
5.72 0.0402549818446 0.409691454898 0.587047711603 
5.73 0.0402377197555 0.409686143036 0.587056762682 
5.74 0.0402206422357 0.409680883226 0.587065721209 
5.75 0.0402037475422 0.409675674786 0.58707458835 
5.76 0.0401870339497 0.409670517037 0.587083365261 
5.77 0.0401704997505 0.40966540931 0.587092053084 
5.78 0.0401541432541 0.409660350944 0.587100652948 
5.79 0.0401379627872 0.409655341282 0.58710916597 
5.8 0.0401219566932 0.409650379676 0.587117593254 
5.81 0.0401061233323 0.409645465484 0.587125935895 
5.82 0.0400904610812 0.409640598072 0.587134194972 
5.83 0.0400749683329 0.409635776812 0.587142371554 
5.84 0.0400596434965 0.409631001083 0.587150466698 
5.85 0.0400444849968 0.40962627027 0.587158481449 
5.86 0.0400294912747 0.409621583765 0.587166416841 
5.87 0.0400146607863 0.409616940968 0.587174273896 
5.88 0.0399999920034 0.409612341284 0.587182053625 
5.89 0.0399854834127 0.409607784125 0.587189757027 
5.9 0.0399711335159 0.409603268909 0.58719738509 
5.91 0.0399569408297 0.409598795061 0.58720493879 
5.92 0.0399429038854 0.409594362014 0.587212419095 
5.93 0.0399290212286 0.409589969204 0.58721982696 
5.94 0.0399152914195 0.409585616075 0.587227163327 
5.95 0.0399017130321 0.409581302078 0.587234429132 
5.96 0.0398882846547 0.40957702667 0.587241625297 
5.97 0.0398750048892 0.409572789312 0.587248752734 
5.98 0.0398618723511 0.409568589474 0.587255812345 
5.99 0.0398488856696 0.409564426631 0.587262805022 
6.0 0.039836043487 0.409560300264 0.587269731646 
6.01 0.0398233444588 0.409556209859 0.587276593088 
6.02 0.0398107872536 0.40955215491 0.58728339021 
6.03 0.0397983705529 0.409548134914 0.587290123861 
6.04 0.0397860930506 0.409544149378 0.587296794885 
6.05 0.0397739534536 0.409540197811 0.58730340411 
6.06 0.0397619504808 0.40953627973 0.58730995236 
6.07 0.0397500828635 0.409532394656 0.587316440447 
6.08 0.0397383493452 0.409528542118 0.587322869171 
6.09 0.0397267486814 0.409524721648 0.587329239327 
6.1 0.0397152796391 0.409520932787 0.587335551698 
6.11 0.0397039409973 0.409517175077 0.587341807058 
6.12 0.0396927315465 0.40951344807 0.587348006172 
6.13 0.0396816500885 0.409509751322 0.587354149795 
6.14 0.0396706954366 0.409506084392 0.587360238675 
6.15 0.0396598664148 0.409502446848 0.587366273548 
6.16 0.0396491618587 0.409498838261 0.587372255145 
6.17 0.0396385806142 0.409495258208 0.587378184184 
6.18 0.0396281215385 0.409491706273 0.587384061377 
6.19 0.0396177834989 0.409488182042 0.587389887426 
6.2 0.0396075653737 0.409484685109 0.587395663025 
6.21 0.0395974660511 0.409481215072 0.587401388859 
6.22 0.0395874844299 0.409477771533 0.587407065606 
6.23 0.0395776194189 0.409474354102 0.587412693934 
6.24 0.0395678699369 0.409470962391 0.587418274503 
6.25 0.0395582349127 0.409467596019 0.587423807965 
6.26 0.0395487132847 0.409464254609 0.587429294963 
6.27 0.039539304001 0.40946093779 0.587434736134 
6.28 0.0395300060195 0.409457645194 0.587440132105 
6.29 0.0395208183071 0.40945437646 0.587445483495 
6.3 0.0395117398405 0.409451131232 0.587450790918 
6.31 0.0395027696052 0.409447909155 0.587456054975 
6.32 0.039493906596 0.409444709883 0.587461276265 
6.33 0.0394851498167 0.409441533074 0.587466455375 
6.34 0.03947649828 0.409438378388 0.587471592886 
6.35 0.0394679510073 0.409435245492 0.587476689372 
6.36 0.0394595070287 0.409432134057 0.587481745399 
6.37 0.039451165383 0.40942904376 0.587486761526 
6.38 0.0394429251175 0.40942597428 0.587491738303 
6.39 0.0394347852876 0.409422925301 0.587496676274 
6.4 0.0394267449572 0.409419896514 0.587501575977 
6.41 0.0394188031984 0.409416887611 0.587506437941 
6.42 0.0394109590913 0.40941389829 0.587511262688 
6.43 0.0394032117242 0.409410928254 0.587516050734 
6.44 0.0393955601929 0.40940797721 0.587520802587 
6.45 0.0393880036014 0.409405044867 0.58752551875 
6.46 0.0393805410613 0.409402130943 0.587530199716 
6.47 0.0393731716918 0.409399235154 0.587534845974 
6.48 0.0393658946195 0.409396357227 0.587539458006 
6.49 0.0393587089788 0.409393496887 0.587544036285 
6.5 0.0393516139112 0.409390653867 0.58754858128 
6.51 0.0393446085655 0.409387827903 0.587553093453 
6.52 0.0393376920977 0.409385018735 0.587557573258 
6.53 0.0393308636712 0.409382226106 0.587562021145 
6.54 0.039324122456 0.409379449765 0.587566437555 
6.55 0.0393174676293 0.409376689463 0.587570822925 
6.56 0.0393108983751 0.409373944956 0.587575177684 
6.57 0.0393044138842 0.409371216004 0.587579502256 
6.58 0.0392980133543 0.409368502371 0.587583797058 
6.59 0.0392916959893 0.409365803823 0.587588062502 
6.6 0.0392854610002 0.409363120132 0.587592298993 
6.61 0.039279307604 0.409360451072 0.587596506931 
6.62 0.0392732350245 0.409357796423 0.587600686709 
6.63 0.0392672424915 0.409355155966 0.587604838715 
6.64 0.0392613292415 0.409352529487 0.587608963331 
6.65 0.0392554945167 0.409349916776 0.587613060932 
6.66 0.0392497375657 0.409347317626 0.587617131889 
6.67 0.0392440576433 0.409344731834 0.587621176568 
6.68 0.0392384540099 0.4093421592 0.587625195327 
6.69 0.0392329259322 0.409339599527 0.58762918852 
6.7 0.0392274726826 0.409337052622 0.587633156495 
6.71 0.0392220935393 0.409334518297 0.587637099596 
6.72 0.0392167877861 0.409331996365 0.587641018159 
6.73 0.0392115547127 0.409329486643 0.587644912516 
6.74 0.0392063936143 0.409326988953 0.587648782995 
6.75 0.0392013037915 0.409324503117 0.587652629917 
6.76 0.0391962845507 0.409322028965 0.587656453599 
6.77 0.0391913352034 0.409319566325 0.587660254351 
6.78 0.0391864550667 0.409317115032 0.58766403248 
6.79 0.0391816434628 0.409314674922 0.587667788288 
6.8 0.0391768997192 0.409312245836 0.587671522071 
6.81 0.0391722231687 0.409309827618 0.587675234119 
6.82 0.0391676131492 0.409307420112 0.58767892472 
6.83 0.0391630690035 0.409305023169 0.587682594154 
6.84 0.0391585900797 0.409302636642 0.5876862427 
6.85 0.0391541757305 0.409300260385 0.587689870629 
6.86 0.039149825314 0.409297894257 0.587693478208 
6.87 0.0391455381926 0.409295538119 0.5876970657 
6.88 0.0391413137341 0.409293191836 0.587700633363 
6.89 0.0391371513106 0.409290855275 0.587704181452 
6.9 0.0391330502991 0.409288528306 0.587707710214 
6.91 0.0391290100812 0.409286210802 0.587711219896 
6.92 0.0391250300432 0.409283902638 0.587714710736 
6.93 0.039121109576 0.409281603694 0.587718182971 
6.94 0.0391172480748 0.409279313849 0.587721636833 
6.95 0.0391134449394 0.40927703299 0.587725072549 
6.96 0.0391096995741 0.409274761001 0.587728490342 
6.97 0.0391060113875 0.409272497773 0.58773189043 
6.98 0.0391023797926 0.409270243197 0.587735273029 
6.99 0.0390988042066 0.409267997169 0.58773863835 
7.0 0.0390952840509 0.409265759584 0.587741986597 
7.01 0.0390918187513 0.409263530344 0.587745317976 
7.02 0.0390884077377 0.40926130935 0.587748632683 
7.03 0.039085050444 0.409259096507 0.587751930913 
7.04 0.0390817463083 0.409256891723 0.587755212858 
7.05 0.0390784947727 0.409254694907 0.587758478703 
7.06 0.0390752952835 0.409252505971 0.587761728633 
7.07 0.0390721472905 0.409250324831 0.587764962827 
7.08 0.0390690502479 0.409248151402 0.58776818146 
7.09 0.0390660036137 0.409245985605 0.587771384703 
7.1 0.0390630068494 0.409243827361 0.587774572727 
7.11 0.0390600594208 0.409241676593 0.587777745694 
7.12 0.0390571607972 0.409239533229 0.587780903766 
7.13 0.0390543104517 0.409237397196 0.587784047101 
7.14 0.0390515078612 0.409235268425 0.587787175854 
7.15 0.0390487525061 0.409233146849 0.587790290173 
7.16 0.0390460438706 0.409231032404 0.587793390208 
7.17 0.0390433814424 0.409228925025 0.587796476101 
7.18 0.039040764713 0.409226824653 0.587799547993 
7.19 0.0390381931771 0.409224731228 0.587802606023 
7.2 0.0390356663332 0.409222644695 0.587805650322 
7.21 0.0390331836833 0.409220564999 0.587808681024 
7.22 0.0390307447325 0.409218492086 0.587811698254 
7.23 0.0390283489898 0.409216425908 0.587814702138 
7.24 0.0390259959672 0.409214366414 0.587817692797 
7.25 0.0390236851803 0.409212313559 0.58782067035 
7.26 0.039021416148 0.409210267298 0.587823634911 
7.27 0.0390191883924 0.409208227588 0.587826586594 
7.28 0.0390170014391 0.409206194388 0.587829525507 
7.29 0.0390148548167 0.409204167659 0.587832451758 
7.3 0.0390127480572 0.409202147363 0.587835365449 
7.31 0.0390106806958 0.409200133466 0.587838266681 
7.32 0.0390086522707 0.409198125933 0.587841155553 
7.33 0.0390066623235 0.409196124733 0.587844032159 
7.34 0.0390047103987 0.409194129835 0.587846896593 
7.35 0.0390027960442 0.409192141211 0.587849748943 
7.36 0.0390009188106 0.409190158834 0.587852589298 
7.37 0.0389990782518 0.409188182678 0.587855417741 
7.38 0.0389972739247 0.409186212721 0.587858234354 
7.39 0.0389955053893 0.40918424894 0.587861039217 
7.4 0.0389937722082 0.409182291314 0.587863832406 
7.41 0.0389920739475 0.409180339826 0.587866613996 
7.42 0.0389904101759 0.409178394457 0.587869384059 
7.43 0.038988780465 0.409176455193 0.587872142664 
7.44 0.0389871843895 0.409174522018 0.587874889878 
7.45 0.0389856215269 0.409172594919 0.587877625765 
7.46 0.0389840914576 0.409170673887 0.587880350389 
7.47 0.0389825937646 0.40916875891 0.587883063809 
7.48 0.0389811280341 0.40916684998 0.587885766082 
7.49 0.0389796938548 0.40916494709 0.587888457266 
7.5 0.0389782908184 0.409163050234 0.587891137412 
7.51 0.0389769185191 0.409161159408 0.587893806572 
7.52 0.0389755765541 0.409159274608 0.587896464795 
7.53 0.0389742645233 0.409157395834 0.587899112129 
7.54 0.0389729820291 0.409155523083 0.587901748618 
7.55 0.0389717286768 0.409153656358 0.587904374304 
7.56 0.0389705040744 0.409151795659 0.58790698923 
7.57 0.0389693078324 0.40914994099 0.587909593433 
7.58 0.0389681395641 0.409148092356 0.587912186951 
7.59 0.0389669988853 0.409146249761 0.587914769819 
7.6 0.0389658854145 0.409144413213 0.58791734207 
7.61 0.0389647987727 0.409142582718 0.587919903735 
7.62 0.0389637385836 0.409140758287 0.587922454843 
7.63 0.0389627044734 0.409138939929 0.587924995424 
7.64 0.038961696071 0.409137127655 0.587927525501 
7.65 0.0389607130076 0.409135321477 0.587930045101 
7.66 0.038959754917 0.409133521408 0.587932554244 
7.67 0.0389588214357 0.409131727462 0.587935052952 
7.68 0.0389579122024 0.409129939654 0.587937541245 
7.69 0.0389570268586 0.409128158001 0.587940019139 
7.7 0.0389561650479 0.409126382518 0.587942486651 
7.71 0.0389553264168 0.409124613225 0.587944943795 
7.72 0.0389545106139 0.40912285014 0.587947390585 
7.73 0.0389537172904 0.409121093282 0.58794982703 
7.74 0.0389529460999 0.409119342673 0.587952253143 
7.75 0.0389521966984 0.409117598332 0.587954668929 
7.76 0.0389514687442 0.409115860284 0.587957074398 
7.77 0.0389507618981 0.40911412855 0.587959469555 
7.78 0.0389500758234 0.409112403154 0.587961854403 
7.79 0.0389494101855 0.409110684122 0.587964228946 
7.8 0.0389487646523 0.409108971478 0.587966593186 
7.81 0.0389481388941 0.409107265248 0.587968947122 
7.82 0.0389475325835 0.409105565459 0.587971290755 
7.83 0.0389469453953 0.409103872139 0.587973624081 
7.84 0.0389463770067 0.409102185315 0.587975947098 
7.85 0.0389458270973 0.409100505017 0.587978259801 
7.86 0.0389452953488 0.409098831274 0.587980562184 
7.87 0.0389447814455 0.409097164116 0.587982854241 
7.88 0.0389442850736 0.409095503573 0.587985135964 
7.89 0.0389438059219 0.409093849677 0.587987407343 
7.9 0.0389433436812 0.409092202459 0.587989668369 
7.91 0.0389428980446 0.409090561953 0.587991919031 
7.92 0.0389424687077 0.40908892819 0.587994159316 
7.93 0.0389420553681 0.409087301204 0.587996389212 
7.94 0.0389416577256 0.409085681029 0.587998608705 
7.95 0.0389412754823 0.4090840677 0.58800081778 
7.96 0.0389409083425 0.409082461251 0.58800301642 
7.97 0.0389405560127 0.409080861718 0.58800520461 
7.98 0.0389402182017 0.409079269136 0.588007382331 
7.99 0.0389398946202 0.409077683541 0.588009549565 
8.0 0.0389395849815 0.40907610497 0.588011706294 
8.01 0.0389392890007 0.40907453346 0.588013852497 
8.02 0.0389390063953 0.409072969048 0.588015988154 
8.03 0.0389387368847 0.409071411772 0.588018113242 
8.04 0.0389384801908 0.409069861669 0.58802022774 
8.05 0.0389382360375 0.409068318778 0.588022331625 
8.06 0.0389380041507 0.409066783137 0.588024424873 
8.07 0.0389377842585 0.409065254786 0.588026507461 
8.08 0.0389375760913 0.409063733763 0.588028579362 
8.09 0.0389373793815 0.409062220109 0.588030640553 
8.1 0.0389371938635 0.409060713861 0.588032691006 
8.11 0.038937019274 0.40905921506 0.588034730695 
8.12 0.0389368553517 0.409057723747 0.588036759593 
8.13 0.0389367018374 0.409056239962 0.588038777673 
8.14 0.038936558474 0.409054763744 0.588040784906 
8.15 0.0389364250066 0.409053295135 0.588042781263 
8.16 0.0389363011822 0.409051834174 0.588044766715 
8.17 0.0389361867499 0.409050380904 0.588046741234 
8.18 0.038936081461 0.409048935365 0.588048704788 
8.19 0.0389359850687 0.409047497598 0.588050657348 
8.2 0.0389358973285 0.409046067644 0.588052598883 
8.21 0.0389358179977 0.409044645545 0.588054529361 
8.22 0.0389357468357 0.409043231342 0.588056448751 
8.23 0.038935683604 0.409041825075 0.588058357022 
8.24 0.0389356280662 0.409040426788 0.588060254141 
8.25 0.0389355799878 0.40903903652 0.588062140077 
8.26 0.0389355391365 0.409037654313 0.588064014795 
8.27 0.0389355052817 0.40903628021 0.588065878265 
8.28 0.0389354781952 0.40903491425 0.588067730452 
8.29 0.0389354576507 0.409033556477 0.588069571323 
8.3 0.0389354434236 0.40903220693 0.588071400844 
8.31 0.0389354352918 0.409030865651 0.588073218983 
8.32 0.0389354330349 0.409029532682 0.588075025706 
8.33 0.0389354364345 0.409028208063 0.588076820977 
8.34 0.0389354452743 0.409026891836 0.588078604764 
8.35 0.03893545934 0.409025584041 0.588080377033 
8.36 0.0389354784191 0.409024284719 0.588082137748 
8.37 0.0389355023012 0.409022993912 0.588083886876 
8.38 0.038935530778 0.409021711658 0.588085624382 
8.39 0.0389355636429 0.409020438 0.588087350232 
8.4 0.0389356006915 0.409019172976 0.588089064391 
8.41 0.0389356417213 0.409017916627 0.588090766826 
8.42 0.0389356865317 0.409016668993 0.588092457502 
8.43 0.0389357349241 0.409015430114 0.588094136384 
8.44 0.0389357867017 0.409014200028 0.588095803438 
8.45 0.0389358416699 0.409012978775 0.588097458631 
8.46 0.038935899636 0.409011766395 0.588099101927 
8.47 0.038935960409 0.409010562924 0.588100733292 
8.48 0.0389360238 0.409009368403 0.588102352694 
8.49 0.0389360896221 0.40900818287 0.588103960097 
8.5 0.0389361576902 0.409007006361 0.588105555469 
8.51 0.0389362278212 0.409005838915 0.588107138776 
8.52 0.0389362998339 0.40900468057 0.588108709984 
8.53 0.0389363735489 0.409003531361 0.58811026906 
8.54 0.0389364487888 0.409002391326 0.588111815972 
8.55 0.0389365253783 0.409001260502 0.588113350686 
8.56 0.0389366031436 0.409000138923 0.588114873171 
8.57 0.0389366819131 0.408999026627 0.588116383393 
8.58 0.038936761517 0.408997923647 0.588117881321 
8.59 0.0389368417873 0.40899683002 0.588119366923 
8.6 0.0389369225581 0.408995745779 0.588120840167 
8.61 0.0389370036652 0.408994670959 0.588122301022 
8.62 0.0389370849464 0.408993605593 0.588123749458 
8.63 0.0389371662412 0.408992549715 0.588125185444 
8.64 0.0389372473911 0.408991503359 0.58812660895 
8.65 0.0389373282394 0.408990466556 0.588128019945 
8.66 0.0389374086315 0.408989439338 0.5881294184 
8.67 0.0389374884142 0.408988421738 0.588130804286 
8.68 0.0389375674365 0.408987413786 0.588132177575 
8.69 0.0389376455493 0.408986415513 0.588133538237 
8.7 0.038937722605 0.40898542695 0.588134886245 
8.71 0.0389377984582 0.408984448126 0.588136221572 
8.72 0.038937872965 0.408983479071 0.58813754419 
8.73 0.0389379459837 0.408982519814 0.588138854071 
8.74 0.0389380173742 0.408981570383 0.588140151192 
8.75 0.0389380869982 0.408980630805 0.588141435524 
8.76 0.0389381547193 0.408979701109 0.588142707043 
8.77 0.0389382204029 0.408978781321 0.588143965725 
8.78 0.0389382839162 0.408977871467 0.588145211544 
8.79 0.0389383451283 0.408976971573 0.588146444478 
8.8 0.0389384039099 0.408976081665 0.588147664501 
8.81 0.0389384601337 0.408975201767 0.588148871593 
8.82 0.0389385136741 0.408974331903 0.58815006573 
8.83 0.0389385644073 0.408973472098 0.58815124689 
8.84 0.0389386122112 0.408972622373 0.588152415053 
8.85 0.0389386569657 0.408971782751 0.588153570197 
8.86 0.0389386985522 0.408970953255 0.588154712304 
8.87 0.0389387368542 0.408970133906 0.588155841352 
8.88 0.0389387717566 0.408969324724 0.588156957324 
8.89 0.0389388031463 0.408968525729 0.5881580602 
8.9 0.0389388309119 0.408967736942 0.588159149963 
8.91 0.0389388549437 0.40896695838 0.588160226597 
8.92 0.0389388751339 0.408966190063 0.588161290084 
8.93 0.0389388913763 0.408965432008 0.588162340408 
8.94 0.0389389035665 0.408964684232 0.588163377555 
8.95 0.0389389116017 0.408963946751 0.588164401509 
8.96 0.038938915381 0.408963219581 0.588165412257 
8.97 0.0389389148052 0.408962502739 0.588166409785 
8.98 0.0389389097768 0.408961796237 0.588167394082 
8.99 0.0389389001999 0.40896110009 0.588168365134 
9.0 0.0389388859805 0.408960414311 0.58816932293 
9.01 0.0389388670261 0.408959738914 0.58817026746 
9.02 0.0389388432462 0.408959073909 0.588171198714 
9.03 0.0389388145515 0.408958419308 0.588172116683 
9.04 0.0389387808549 0.408957775121 0.588173021357 
9.05 0.0389387420708 0.40895714136 0.58817391273 
9.06 0.0389386981151 0.408956518032 0.588174790795 
9.07 0.0389386489055 0.408955905147 0.588175655544 
9.08 0.0389385943615 0.408955302712 0.588176506972 
9.09 0.0389385344042 0.408954710734 0.588177345074 
9.1 0.0389384689561 0.408954129221 0.588178169846 
9.11 0.0389383979416 0.408953558178 0.588178981284 
9.12 0.0389383212868 0.40895299761 0.588179779387 
9.13 0.0389382389192 0.408952447522 0.588180564151 
9.14 0.0389381507681 0.408951907917 0.588181335576 
9.15 0.0389380567644 0.408951378798 0.588182093661 
9.16 0.0389379568407 0.408950860168 0.588182838406 
9.17 0.038937850931 0.408950352029 0.588183569813 
9.18 0.038937738971 0.408949854381 0.588184287883 
9.19 0.0389376208981 0.408949367224 0.58818499262 
9.2 0.0389374966513 0.408948890559 0.588185684026 
9.21 0.038937366171 0.408948424384 0.588186362105 
9.22 0.0389372293994 0.408947968696 0.588187026864 
9.23 0.0389370862801 0.408947523494 0.588187678307 
9.24 0.0389369367584 0.408947088774 0.588188316441 
9.25 0.0389367807812 0.408946664531 0.588188941273 
9.26 0.0389366182967 0.408946250762 0.588189552812 
9.27 0.038936449255 0.40894584746 0.588190151067 
9.28 0.0389362736076 0.408945454619 0.588190736047 
9.29 0.0389360913073 0.408945072233 0.588191307763 
9.3 0.0389359023089 0.408944700293 0.588191866227 
9.31 0.0389357065684 0.408944338791 0.58819241145 
9.32 0.0389355040434 0.408943987718 0.588192943446 
9.33 0.038935294693 0.408943647063 0.588193462229 
9.34 0.0389350784778 0.408943316817 0.588193967813 
9.35 0.0389348553601 0.408942996968 0.588194460214 
9.36 0.0389346253033 0.408942687503 0.588194939448 
9.37 0.0389343882726 0.408942388411 0.588195405533 
9.38 0.0389341442346 0.408942099676 0.588195858486 
9.39 0.0389338931573 0.408941821285 0.588196298326 
9.4 0.0389336350103 0.408941553223 0.588196725073 
9.41 0.0389333697645 0.408941295475 0.588197138748 
9.42 0.0389330973924 0.408941048022 0.588197539371 
9.43 0.0389328178679 0.408940810849 0.588197926965 
9.44 0.0389325311662 0.408940583937 0.588198301553 
9.45 0.0389322372641 0.408940367267 0.588198663159 
9.46 0.0389319361398 0.40894016082 0.588199011807 
9.47 0.0389316277728 0.408939964576 0.588199347523 
9.48 0.0389313121442 0.408939778514 0.588199670334 
9.49 0.0389309892363 0.408939602612 0.588199980266 
9.5 0.0389306590329 0.408939436847 0.588200277347 
9.51 0.0389303215191 0.408939281197 0.588200561606 
9.52 0.0389299766816 0.408939135637 0.588200833073 
9.53 0.0389296245081 0.408939000144 0.588201091779 
9.54 0.0389292649879 0.408938874691 0.588201337755 
9.55 0.0389288981118 0.408938759253 0.588201571033 
9.56 0.0389285238716 0.408938653803 0.588201791645 
9.57 0.0389281422606 0.408938558314 0.588201999627 
9.58 0.0389277532735 0.408938472756 0.588202195012 
9.59 0.0389273569063 0.408938397102 0.588202377836 
9.6 0.0389269531561 0.408938331322 0.588202548136 
9.61 0.0389265420216 0.408938275384 0.588202705948 
9.62 0.0389261235026 0.408938229259 0.58820285131 
9.63 0.0389256976002 0.408938192914 0.588202984262 
9.64 0.038925264317 0.408938166318 0.588203104843 
9.65 0.0389248236566 0.408938149435 0.588203213094 
9.66 0.038924375624 0.408938142234 0.588203309055 
9.67 0.0389239202253 0.408938144679 0.588203392769 
9.68 0.0389234574682 0.408938156735 0.588203464279 
9.69 0.0389229873612 0.408938178365 0.588203523629 
9.7 0.0389225099144 0.408938209534 0.588203570862 
9.71 0.0389220251388 0.408938250204 0.588203606025 
9.72 0.0389215330469 0.408938300336 0.588203629163 
9.73 0.0389210336522 0.408938359893 0.588203640323 
9.74 0.0389205269695 0.408938428834 0.588203639554 
9.75 0.0389200130148 0.408938507119 0.588203626904 
9.76 0.0389194918051 0.408938594708 0.588203602421 
9.77 0.0389189633588 0.40893869156 0.588203566157 
9.78 0.0389184276954 0.408938797631 0.588203518161 
9.79 0.0389178848354 0.40893891288 0.588203458487 
9.8 0.0389173348006 0.408939037262 0.588203387186 
9.81 0.0389167776139 0.408939170734 0.588203304311 
9.82 0.0389162132992 0.408939313251 0.588203209916 
9.83 0.0389156418818 0.408939464768 0.588203104058 
9.84 0.0389150633878 0.408939625238 0.588202986789 
